97514 49912
77082 16526
91597 70029
99624 55276
97687 21503
94432 54479
99949 31343
95859 00007
80 4155 0254
76698 63529
80 6131 4421
63840 44850
98436 06610
94866 94224
96559 61666
90929 97677
98865 65525
86081 44675
98428 13242
73589 55666
98428 84234
78688 37197
86089 09121
75488 71729
86680 36920
81225 14470
94430 94422
96066 91262
91597 33380
93429 51203
90036 71299
99443 02986
94440 00285
82707 79414
63856 05989
98944 36284
97400 42068
80580 50303
90038 42898
97906 12400
95144 44443
82208 54999
98807 21444
97897 73861
63698 60144
99444 46461
80723 21826
93451 69933
73734 76494
94428 26378